nmi_max: 1.0000000000000007	nmi_avg: 1.0000000000000004	nmi_std: 2.220446049250313e-16
q_max: 0.5415859964709393	q_avg: 0.5415859964709393	q_std: 0.0
ari_max: 1.0	ari_avg: 1.0	ari_std: 0.0
nmi_values_arr: [1. 1. 1. 1. 1. 1. 1. 1. 1. 1. 1. 1. 1. 1. 1. 1. 1. 1. 1. 1.]
q_values_arr: [0.541586 0.541586 0.541586 0.541586 0.541586 0.541586 0.541586 0.541586
 0.541586 0.541586 0.541586 0.541586 0.541586 0.541586 0.541586 0.541586
 0.541586 0.541586 0.541586 0.541586]
ari_values_arr: [1. 1. 1. 1. 1. 1. 1. 1. 1. 1. 1. 1. 1. 1. 1. 1. 1. 1. 1. 1.]
leader_arr: [1 1 1 1 1 1 1 1 1 1 1 1 1 1 1 1 1 1 1 1]
